1001451
10021299
10021345
10022392
10022408
10022417
10022448
10022457
10022751
10022819
10023110
10023315
10023327
10023897
10023947
10024302
10024330
10024348
10024431
10024437
10024460
10024875
10024914
10024915
10025409
10025789
10026167
10026181
10026268
10027390
10027401
10027586
10027593
10027709
10027711
10027719
10027724
10029540
10029588
10029606
10030842
10036316
10036327
10036587
10037068
10037069
10037104
10037570
10037723
10037750
10048337
10049691
10049754
10049954
10050655
10050708
10051005
10051009
10051010
10051024
10051160
10051163
10051231
10051295
10051485
10051571
10051572
10051603
10051637
10051646
10053003
10053004
10053005
10053006
10053007
10053008
10053013
10053026
10053113
10053179
10063835
10064570
10064602
10064694
10064730
10064859
10065021
10065429
10065893
10066032
10066037
10066389
10066452
10067911
10068114
10068469
10068513
10068517
10068652
10068684
10069705
10069709
10069711
10069716
10069810
10070612
10070616
10070617
10070620
10070622
10070627
10070944
10070953
10071047
10071056
10071100
10071185
10072044
10072046
10072423
10072428
10072434
10072436
10073515
10073586
10073901
10073951
10074115
10074457
10074484
10074491
10074494
10074927
10075647
10076558
10076877
10076878
10076886
10076887
10076890
10076897
10077004
10077047
10077518
10077519
10077527
10077612
10077621
10077649
10077666
10077682
10077725
10077727
10078568
10078571
10078749
10078969
10078973
10079068
10079102
10079245
10079289
10079291
10080150
10080174
10080178
10080180
10080182
10080183
10080184
10080186
10081934
10081980
10081984
10081986
10081988
10081990
10082085
10082584
10083731
10083733
10083738
10084318
10084325
10084571
10084575
10084584
10084586
10084596
10084598
10084607
10085122
10086344
10086390
10086948
10086971
10087740
10087985
10088662
10088816
10089284
10089913
10089940
10090317
10090412
10090472
10090473
10090474
10090476
10090479
10090481
10090482
10090483
10090484
10090485
10090487
10090526
10090529
10090880
10090881
10090882
10090883
10090884
10090885
10090886
10090887
10090888
10090891
10090896
10090900
10090906
10090907
10090908
10090909
10090910
10090912
10090915
10090935
10092998
10093067
10093988
10094187
10094188
10094189
10094190
10094191
10094192
10094194
10094547
10094548
10094549
10094551
10094552
10094553
10094558
10094560
10094562
10094563
10094564
10094565
10094567
10095169
10095351
10096261
10096595
10097140
10097173
10097181
10098732
10098775
10098965
10100642
10100846
10101176
10101253
10101783
10102070
10102298
10102299
10102421
10102422
10102622
10102713
10102714
10102904
10103316
10187793
10187817
10188893
10189087
10189089
10189220
10189222
10189842
10189855
10189888
10190322
10190324
10190325
10190327
10190331
10190503
10190819
10190918
10191086
10191107
10192380
10192385
10192386
10192387
10192393
10192395
10192768
10193525
10193873
10193875
10194136
10194253
10194428
10194471
10194472
10195214
10196129
10196363
10196371
10196376
10196377
10196379
10196380
10196384
10196694
10196696
10196701
10196703
10196713
10196714
10198179
10198255
10198638
10199307
10199405
10199409
10199775
10199792
10199795
10199800
10199808
10200050
10200051
10200052
10200053
10200054
10200056
10200057
10200059
10200251
10200300
10200350
10200361
10200534
10200983
10200984
10200986
10201405
10201536
10201537
10201595
10201973
10202051
10202168
10202939
10203101
10203106
10203135
10203348
10203975
10204114
10204808
10204841
10204851
10204861
10205007
10205047
10205261
10205262
10205263
10205264
10205265
10205266
10205269
10205271
10205272
10206124
10206230
10206236
10206274
10206477
10206579
10206641
10206677
10206678
10206679
10206680
10206683
10206684
10206685
10206961
10206995
10207667
10207904
10208439
10208479
10208489
10208490
10208491
10208499
10208576
10208578
10208579
10208591
10208638
10208641
10208645
10208648
10208650
10208848
10208883
10209987
10210316
10210919
10211412
10211467
10211478
10211819
10212154
10212248
1021286
10213050
10213152
10213492
10213549
10213921
10214753
10214757
10214944
10215406
10215407
10215408
10215409
10215410
10215411
10215414
10215790
10216065
10217080
10217111
10217116
10217419
10217436
10218481
10218527
10218629
10218700
10218883
10219239
10219785
10220141
10220143
10220144
10220146
10220149
10220151
10220152
10220153
10220154
10220155
10220438
10220445
10220506
10220860
10220866
10221015
10221692
10221770
10221902
10222032
10223463
10223777
10224103
10224214
10226095
10226674
10227394
10227395
10227398
10227459
10227563
10227618
10227634
10227637
